"","P5_1","P5_2","P5_3","P6_3","P6_4","P7_1","P7_3","P8_2","P13_9","P13_11","P3_1","P3_2","P3_3","P3_5","P3_6","P3_7","P3_8","P8_3","P8_4","P8_5","P13_1","P13_2","P13_3","P13_4","P9_1","P9_2","P9_3","P9_4","P9_5","P9_6"
"P5_1",1,0.488,0.358,0.272,0.338,0.259,0.278,0.231,0.206,0.25,0.26,0.207,0.209,0.238,0.245,0.311,0.206,0.241,0.248,0.236,0.218,0.21,0.266,0.221,0.306,0.24,0.199,0.221,0.213,0.307
"P5_2",0.488,1,0.352,0.205,0.431,0.285,0.255,0.28,0.214,0.259,0.254,0.204,0.218,0.206,0.197,0.225,0.224,0.284,0.264,0.27,0.23,0.26,0.252,0.225,0.353,0.3,0.252,0.253,0.225,0.27
"P5_3",0.358,0.352,1,0.411,0.331,0.271,0.316,0.214,0.199,0.232,0.254,0.243,0.206,0.302,0.303,0.288,0.188,0.286,0.25,0.288,0.221,0.189,0.241,0.192,0.354,0.352,0.314,0.285,0.375,0.269
"P6_3",0.272,0.205,0.411,1,0.422,0.39,0.527,0.425,0.222,0.263,0.238,0.29,0.185,0.3,0.317,0.318,0.207,0.356,0.367,0.369,0.192,0.158,0.207,0.182,0.344,0.461,0.371,0.382,0.411,0.324
"P6_4",0.338,0.431,0.331,0.422,1,0.437,0.431,0.406,0.196,0.23,0.262,0.195,0.213,0.267,0.255,0.276,0.229,0.356,0.406,0.285,0.206,0.233,0.233,0.208,0.299,0.37,0.31,0.315,0.369,0.307
"P7_1",0.259,0.285,0.271,0.39,0.437,1,0.476,0.582,0.251,0.273,0.285,0.263,0.224,0.271,0.25,0.37,0.177,0.372,0.455,0.334,0.277,0.207,0.244,0.249,0.349,0.497,0.355,0.419,0.484,0.358
"P7_3",0.278,0.255,0.316,0.527,0.431,0.476,1,0.482,0.241,0.283,0.247,0.23,0.162,0.246,0.254,0.289,0.259,0.442,0.467,0.385,0.206,0.219,0.216,0.213,0.472,0.455,0.396,0.426,0.476,0.369
"P8_2",0.231,0.28,0.214,0.425,0.406,0.582,0.482,1,0.185,0.286,0.241,0.295,0.245,0.317,0.235,0.278,0.219,0.454,0.703,0.437,0.193,0.202,0.257,0.226,0.36,0.572,0.473,0.471,0.716,0.334
"P13_9",0.206,0.214,0.199,0.222,0.196,0.251,0.241,0.185,1,0.663,0.193,0.175,0.213,0.195,0.181,0.267,0.156,0.171,0.188,0.206,0.533,0.57,0.518,0.561,0.301,0.29,0.216,0.222,0.223,0.277
"P13_11",0.25,0.259,0.232,0.263,0.23,0.273,0.283,0.286,0.663,1,0.204,0.214,0.239,0.169,0.19,0.24,0.153,0.21,0.181,0.237,0.558,0.539,0.584,0.557,0.277,0.275,0.228,0.231,0.246,0.236
"P3_1",0.26,0.254,0.254,0.238,0.262,0.285,0.247,0.241,0.193,0.204,1,0.452,0.378,0.361,0.421,0.526,0.223,0.328,0.28,0.253,0.159,0.196,0.175,0.144,0.281,0.208,0.268,0.292,0.225,0.244
"P3_2",0.207,0.204,0.243,0.29,0.195,0.263,0.23,0.295,0.175,0.214,0.452,1,0.654,0.375,0.375,0.404,0.278,0.288,0.19,0.22,0.214,0.196,0.213,0.157,0.243,0.239,0.281,0.291,0.246,0.293
"P3_3",0.209,0.218,0.206,0.185,0.213,0.224,0.162,0.245,0.213,0.239,0.378,0.654,1,0.292,0.281,0.375,0.281,0.215,0.215,0.225,0.258,0.208,0.226,0.21,0.218,0.182,0.188,0.233,0.225,0.21
"P3_5",0.238,0.206,0.302,0.3,0.267,0.271,0.246,0.317,0.195,0.169,0.361,0.375,0.292,1,0.493,0.484,0.282,0.259,0.3,0.269,0.206,0.149,0.132,0.162,0.246,0.314,0.329,0.304,0.296,0.25
"P3_6",0.245,0.197,0.303,0.317,0.255,0.25,0.254,0.235,0.181,0.19,0.421,0.375,0.281,0.493,1,0.454,0.26,0.196,0.251,0.224,0.114,0.157,0.177,0.249,0.195,0.28,0.234,0.255,0.232,0.22
"P3_7",0.311,0.225,0.288,0.318,0.276,0.37,0.289,0.278,0.267,0.24,0.526,0.404,0.375,0.484,0.454,1,0.257,0.271,0.28,0.194,0.249,0.171,0.148,0.205,0.281,0.274,0.243,0.255,0.305,0.278
"P3_8",0.206,0.224,0.188,0.207,0.229,0.177,0.259,0.219,0.156,0.153,0.223,0.278,0.281,0.282,0.26,0.257,1,0.168,0.214,0.275,0.17,0.213,0.16,0.179,0.244,0.206,0.19,0.241,0.194,0.203
"P8_3",0.241,0.284,0.286,0.356,0.356,0.372,0.442,0.454,0.171,0.21,0.328,0.288,0.215,0.259,0.196,0.271,0.168,1,0.59,0.38,0.196,0.191,0.164,0.182,0.33,0.418,0.405,0.382,0.522,0.478
"P8_4",0.248,0.264,0.25,0.367,0.406,0.455,0.467,0.703,0.188,0.181,0.28,0.19,0.215,0.3,0.251,0.28,0.214,0.59,1,0.481,0.168,0.215,0.183,0.182,0.451,0.508,0.446,0.426,0.604,0.398
"P8_5",0.236,0.27,0.288,0.369,0.285,0.334,0.385,0.437,0.206,0.237,0.253,0.22,0.225,0.269,0.224,0.194,0.275,0.38,0.481,1,0.219,0.186,0.218,0.224,0.408,0.489,0.401,0.423,0.516,0.391
"P13_1",0.218,0.23,0.221,0.192,0.206,0.277,0.206,0.193,0.533,0.558,0.159,0.214,0.258,0.206,0.114,0.249,0.17,0.196,0.168,0.219,1,0.549,0.611,0.603,0.323,0.214,0.212,0.213,0.237,0.235
"P13_2",0.21,0.26,0.189,0.158,0.233,0.207,0.219,0.202,0.57,0.539,0.196,0.196,0.208,0.149,0.157,0.171,0.213,0.191,0.215,0.186,0.549,1,0.584,0.598,0.312,0.25,0.236,0.233,0.208,0.269
"P13_3",0.266,0.252,0.241,0.207,0.233,0.244,0.216,0.257,0.518,0.584,0.175,0.213,0.226,0.132,0.177,0.148,0.16,0.164,0.183,0.218,0.611,0.584,1,0.674,0.3,0.245,0.23,0.226,0.25,0.247
"P13_4",0.221,0.225,0.192,0.182,0.208,0.249,0.213,0.226,0.561,0.557,0.144,0.157,0.21,0.162,0.249,0.205,0.179,0.182,0.182,0.224,0.603,0.598,0.674,1,0.245,0.289,0.231,0.283,0.25,0.225
"P9_1",0.306,0.353,0.354,0.344,0.299,0.349,0.472,0.36,0.301,0.277,0.281,0.243,0.218,0.246,0.195,0.281,0.244,0.33,0.451,0.408,0.323,0.312,0.3,0.245,1,0.57,0.438,0.5,0.475,0.579
"P9_2",0.24,0.3,0.352,0.461,0.37,0.497,0.455,0.572,0.29,0.275,0.208,0.239,0.182,0.314,0.28,0.274,0.206,0.418,0.508,0.489,0.214,0.25,0.245,0.289,0.57,1,0.634,0.714,0.627,0.478
"P9_3",0.199,0.252,0.314,0.371,0.31,0.355,0.396,0.473,0.216,0.228,0.268,0.281,0.188,0.329,0.234,0.243,0.19,0.405,0.446,0.401,0.212,0.236,0.23,0.231,0.438,0.634,1,0.622,0.588,0.371
"P9_4",0.221,0.253,0.285,0.382,0.315,0.419,0.426,0.471,0.222,0.231,0.292,0.291,0.233,0.304,0.255,0.255,0.241,0.382,0.426,0.423,0.213,0.233,0.226,0.283,0.5,0.714,0.622,1,0.602,0.466
"P9_5",0.213,0.225,0.375,0.411,0.369,0.484,0.476,0.716,0.223,0.246,0.225,0.246,0.225,0.296,0.232,0.305,0.194,0.522,0.604,0.516,0.237,0.208,0.25,0.25,0.475,0.627,0.588,0.602,1,0.486
"P9_6",0.307,0.27,0.269,0.324,0.307,0.358,0.369,0.334,0.277,0.236,0.244,0.293,0.21,0.25,0.22,0.278,0.203,0.478,0.398,0.391,0.235,0.269,0.247,0.225,0.579,0.478,0.371,0.466,0.486,1
